




MJPX  0,10,92,174,256,338,420,502,584,666,748,830,912,994,1076,1158,1240,1322,1404,0

MJPY  0,65,65,65,65,65,65,65,65,65,65,65,65,65,65,65,65,65,65,0




MJPEDX  0,0,82,164,246,328,410,492,574,656,738,820,902,984,1066,1148,1230,1312,1394,1476,1558,1640,1722,0


MJPEDY  0,65,65,65,65,65,65,65,65,65,65,65,65,65,65,65,65,65,65,65,65,65,65,0




MJPFX  0,0,41,82,123,164,205,246,287,0


MJPFY  0,0,0,0,0,0,0,0,0,0




MJPCX  0,0,41,82,123,164,205,246,287,328,369,410,451,492,533,574,615,656,697,738,779,820,861,902,943,984,1025,1066,1107,1148,1189,1230,1271,1312,1353,1394,1435,0,41,82,123,164,205,246,287,328,369,410,451,492,533,574,615,656,697,738,779,820,861,902,943,984,1025,1066,1107,1148,1189,1230,1271,1312,1353,1394,1435,0

MJPCY  0,0,0,0,0,0,0,0,0,0,0,0,0,0,0,0,0,0,0,0,0,0,0,0,0,0,0,0,0,0,0,0,0,0,0,0,0,65,65,65,65,65,65,65,65,65,65,65,65,65,65,65,65,65,65,65,65,65,65,65,65,65,65,65,65,65,65,65,65,65,65,65,65,0








